fx: 726.5803833007812
fy: 726.5803833007812
cx: 974.5028076171875
cy: 588.5189819335938